[64, 0.000544, 0.000042, 0.000022]
[64, 0.000544, 0.000042, 0.000022]
[64, 0.000545, 0.000041, 0.000022]
[64, 0.000544, 0.000041, 0.000023]
[64, 0.000544, 0.000040, 0.000022]
[64, 0.000574, 0.000043, 0.000022]
[64, 0.000544, 0.000041, 0.000023]
[64, 0.000544, 0.000040, 0.000023]
[64, 0.000553, 0.000042, 0.000024]
[64, 0.000544, 0.000040, 0.000023]
[128, 0.004636, 0.000083, 0.000039]
[128, 0.004751, 0.000081, 0.000039]
[128, 0.005262, 0.000082, 0.000040]
[128, 0.004750, 0.000081, 0.000039]
[128, 0.004787, 0.000082, 0.000040]
[128, 0.004762, 0.000081, 0.000040]
[128, 0.004634, 0.000081, 0.000039]
[128, 0.004706, 0.000081, 0.000040]
[128, 0.004632, 0.000082, 0.000039]
[128, 0.004636, 0.000082, 0.000040]
[256, 0.051284, 0.000323, 0.000134]
[256, 0.046616, 0.000322, 0.000134]
[256, 0.046516, 0.000332, 0.000132]
[256, 0.048443, 0.000324, 0.000135]
[256, 0.048477, 0.000330, 0.000134]
[256, 0.048829, 0.000324, 0.000136]
[256, 0.047354, 0.000322, 0.000134]
[256, 0.049226, 0.000324, 0.000135]
[256, 0.048292, 0.000323, 0.000135]
[256, 0.048086, 0.000325, 0.000137]
[512, 0.463535, 0.001867, 0.000699]
[512, 0.463133, 0.001852, 0.000698]
[512, 0.465633, 0.001863, 0.000700]
[512, 0.463340, 0.001908, 0.000699]
[512, 0.464069, 0.001859, 0.000700]
[512, 0.463549, 0.001849, 0.000699]
[512, 0.471088, 0.001875, 0.000705]
[512, 0.463321, 0.001861, 0.000724]
[512, 0.538673, 0.001865, 0.000702]
[512, 0.463894, 0.001867, 0.000703]
[1024, 3.960631, 0.012517, 0.004324]
[1024, 4.443585, 0.012470, 0.004423]
[1024, 3.877925, 0.012533, 0.004323]
[1024, 4.330408, 0.012480, 0.004412]
[1024, 4.350670, 0.012515, 0.004334]
[1024, 4.539190, 0.012519, 0.004324]
[1024, 4.671737, 0.012484, 0.004420]
[1024, 3.778271, 0.012516, 0.004322]
[1024, 3.856307, 0.012520, 0.004323]
[1024, 3.755511, 0.012475, 0.004417]
